线路号: 1110
车辆编号	驾驶员编号
7178.0		312
7179.0		1421
7180.0		425
7181.0		1984
7182.0		232
7183.0		288
7184.0		1513
7185.0		1440
7186.0		423
7188.0		247
7189.0		1456
7190.0		1541
7191.0		265
7192.0		385
7193.0		289
7195.0		1985
7196.0		313
7197.0		333
7198.0		1401
7199.0		1971
7200.0		2471
7201.0		2483
7202.0		1271
7203.0		304
7204.0		264
7205.0		327
7206.0		1454
7207.0		865
7208.0		1983
7208.0		1515
7209.0		295
7211.0		2474
7213.0		2477
7214.0		1546
7215.0		294
7216.0		336
7217.0		303
7218.0		1983
7219.0		299
7220.0		1538
